     0,	0.22298030,	 44380083
     1,	0.11186545,	 22264739
     2,	0.11054325,	 22001580
     3,	0.03814764,	  7592579
     4,	0.22206053,	 44197020
     5,	0.07388783,	 14706000
     6,	0.07199768,	 14329800
     7,	0.00017183,	    34199
   384,	0.00019896,	    39599
   385,	0.03763125,	  7489800
   425,	0.03589484,	  7144200
 40304,	0.00000090,	      179
 40305,	0.00000180,	      358
 40306,	0.00000180,	      358
 40307,	0.00000180,	      358
 40308,	0.00000180,	      358
 40309,	0.00000180,	      358
 40310,	0.00000180,	      358
 40311,	0.00000180,	      358
 40312,	0.00000180,	      358
 40313,	0.00000180,	      358
 40314,	0.00000180,	      358
 40315,	0.00000180,	      358
 40316,	0.00000180,	      358
 40317,	0.00000180,	      358
 40318,	0.00000180,	      358
 40319,	0.00000180,	      358
 40320,	0.00000180,	      358
 40321,	0.00000180,	      358
 40322,	0.00000180,	      358
 40323,	0.00000180,	      358
 40324,	0.00000180,	      358
 40325,	0.00000180,	      358
 40326,	0.00000180,	      358
 40327,	0.00000180,	      358
 40328,	0.00000180,	      358
 40329,	0.00000180,	      358
 40330,	0.00000180,	      358
 40331,	0.00000180,	      358
 40332,	0.00000180,	      358
 40333,	0.00000180,	      358
 40334,	0.00000180,	      358
 40335,	0.00000180,	      358
 40336,	0.00000180,	      358
 40337,	0.00000180,	      358
 40338,	0.00000180,	      358
 40339,	0.00000180,	      358
 40340,	0.00000180,	      358
 40341,	0.00000180,	      358
 40342,	0.00000180,	      358
 40343,	0.00000180,	      358
 40344,	0.00000180,	      358
 40345,	0.00000180,	      358
 40346,	0.00000180,	      358
 40347,	0.00000180,	      358
 40348,	0.00000180,	      358
 40349,	0.00000180,	      358
 40350,	0.00000180,	      358
 40351,	0.00000180,	      358
 40352,	0.00000180,	      358
 40353,	0.00000180,	      358
 40354,	0.00000180,	      358
 40355,	0.00000180,	      358
 40356,	0.00000180,	      358
 40357,	0.00000180,	      358
 40358,	0.00000180,	      358
 40359,	0.00000180,	      358
 40360,	0.00000180,	      358
 40361,	0.00000180,	      358
 40362,	0.00000180,	      358
 40363,	0.00000180,	      358
 40364,	0.00000180,	      358
 40365,	0.00000180,	      358
 40366,	0.00000180,	      358
 40367,	0.00000180,	      358
 40368,	0.00000180,	      358
 40369,	0.00000180,	      358
 40370,	0.00000180,	      358
 40371,	0.00000180,	      358
 40372,	0.00000180,	      358
 40373,	0.00000180,	      358
 40374,	0.00000180,	      358
 40375,	0.00000180,	      358
 40376,	0.00000180,	      358
 40377,	0.00000180,	      358
 40378,	0.00000180,	      358
 40379,	0.00000180,	      358
 40380,	0.00000180,	      358
 40381,	0.00000180,	      358
 40382,	0.00000180,	      358
 40383,	0.00000180,	      358
 40384,	0.00000180,	      358
 40385,	0.00000180,	      358
 40386,	0.00000180,	      358
 40387,	0.00000180,	      358
 40388,	0.00000180,	      358
 40389,	0.00000180,	      358
 40390,	0.00000180,	      358
 40391,	0.00000180,	      358
 40392,	0.00000180,	      358
 40393,	0.00000180,	      358
 40394,	0.00000180,	      358
 40395,	0.00000180,	      358
 40396,	0.00000180,	      358
 40397,	0.00000180,	      358
 40398,	0.00000180,	      358
 40399,	0.00000180,	      358
 40400,	0.00000180,	      358
 40401,	0.00000180,	      358
 40402,	0.00000180,	      358
 40403,	0.00000180,	      358
 40404,	0.00000180,	      358
 40405,	0.00000180,	      358
 40406,	0.00000180,	      358
 40407,	0.00000180,	      358
 40408,	0.00000180,	      358
 40409,	0.00000180,	      358
 40410,	0.00000180,	      358
 40411,	0.00000180,	      358
 40412,	0.00000180,	      358
 40413,	0.00000180,	      358
 40414,	0.00000180,	      358
 40415,	0.00000180,	      358
 40416,	0.00000180,	      358
 40417,	0.00000180,	      358
 40418,	0.00000180,	      358
 40419,	0.00000180,	      358
 40420,	0.00000180,	      358
 40421,	0.00000180,	      358
 40422,	0.00000180,	      358
 40423,	0.00000180,	      358
 40424,	0.00000180,	      358
 40425,	0.00000180,	      358
 40426,	0.00000180,	      358
 40427,	0.00000180,	      358
 40428,	0.00000180,	      358
 40429,	0.00000180,	      358
 40430,	0.00000180,	      358
 40431,	0.00000180,	      358
 40432,	0.00000180,	      358
 40433,	0.00000180,	      358
 40434,	0.00000180,	      358
 40435,	0.00000180,	      358
 40436,	0.00000180,	      358
 40437,	0.00000180,	      358
 40438,	0.00000180,	      358
 40439,	0.00000180,	      358
 40440,	0.00000180,	      358
 40441,	0.00000180,	      358
 40442,	0.00000180,	      358
 40443,	0.00000180,	      358
 40444,	0.00000180,	      358
 40445,	0.00000180,	      358
 40446,	0.00000180,	      358
 40447,	0.00000180,	      358
 40448,	0.00000180,	      358
 40449,	0.00000180,	      358
 40450,	0.00000180,	      358
 40451,	0.00000180,	      358
 40452,	0.00000180,	      358
 40453,	0.00000180,	      358
 40454,	0.00000180,	      358
 40455,	0.00000180,	      358
 40456,	0.00000180,	      358
 40457,	0.00000180,	      358
 40458,	0.00000180,	      358
 40459,	0.00000180,	      358
 40460,	0.00000180,	      358
 40461,	0.00000180,	      358
 40462,	0.00000180,	      358
 40463,	0.00000180,	      358
 40464,	0.00000180,	      358
 40465,	0.00000180,	      358
 40466,	0.00000180,	      358
 40467,	0.00000180,	      358
 40468,	0.00000180,	      358
 40469,	0.00000180,	      358
 40470,	0.00000180,	      358
 40471,	0.00000180,	      358
 40472,	0.00000180,	      358
 40473,	0.00000180,	      358
 40474,	0.00000180,	      358
 40475,	0.00000180,	      358
 40476,	0.00000180,	      358
 40477,	0.00000180,	      358
 40478,	0.00000180,	      358
 40479,	0.00000180,	      358
 40480,	0.00000180,	      358
 40481,	0.00000180,	      358
 40482,	0.00000180,	      358
 40483,	0.00000180,	      358
 40484,	0.00000180,	      358
 40485,	0.00000180,	      358
 40486,	0.00000180,	      358
 40487,	0.00000180,	      358
 40488,	0.00000180,	      358
 40489,	0.00000180,	      358
 40490,	0.00000180,	      358
 40491,	0.00000180,	      358
 40492,	0.00000180,	      358
 40493,	0.00000180,	      358
 40494,	0.00000180,	      358
 40495,	0.00000180,	      358
 40496,	0.00000180,	      358
 40497,	0.00000180,	      358
 40498,	0.00000180,	      358
 40499,	0.00000180,	      358
 40500,	0.00000180,	      358
 40501,	0.00000180,	      358
 40502,	0.00000180,	      358
 40503,	0.00000180,	      358
 40504,	0.00000180,	      358
 40505,	0.00000180,	      358
 40506,	0.00000180,	      358
 40507,	0.00000180,	      358
 40508,	0.00000180,	      358
 40509,	0.00000180,	      358
 40510,	0.00000180,	      358
 40511,	0.00000180,	      358
 40512,	0.00000180,	      358
 40513,	0.00000180,	      358
 40514,	0.03550746,	  7067099
 42214,	0.00000090,	      179
 42215,	0.00000180,	      358
 42216,	0.00000180,	      358
 42217,	0.00000180,	      358
 42218,	0.00000180,	      358
 42219,	0.00000180,	      358
 42220,	0.00000180,	      358
 42221,	0.00000180,	      358
 42222,	0.00000180,	      358
 42223,	0.00000180,	      358
 42224,	0.00000180,	      358
 42225,	0.00000180,	      358
 42226,	0.00000180,	      358
 42227,	0.00000180,	      358
 42228,	0.00000180,	      358
 42229,	0.00000180,	      358
 42230,	0.00000180,	      358
 42231,	0.00000180,	      358
 42232,	0.00000180,	      358
 42233,	0.00000180,	      358
 42234,	0.00000180,	      358
 42235,	0.00000180,	      358
 42236,	0.00000180,	      358
 42237,	0.00000180,	      358
 42238,	0.00000180,	      358
 42239,	0.00000180,	      358
 42240,	0.00000180,	      358
 42241,	0.00000180,	      358
 42242,	0.00000180,	      358
 42243,	0.00000180,	      358
 42244,	0.00000180,	      358
 42245,	0.00000180,	      358
 42246,	0.00000180,	      358
 42247,	0.00000180,	      358
 42248,	0.00000180,	      358
 42249,	0.00000180,	      358
 42250,	0.00000180,	      358
 42251,	0.00000180,	      358
 42252,	0.00000180,	      358
 42253,	0.00000180,	      358
 42254,	0.00000180,	      358
 42255,	0.00000180,	      358
 42256,	0.00000180,	      358
 42257,	0.00000180,	      358
 42258,	0.00000180,	      358
 42259,	0.00000180,	      358
 42260,	0.00000180,	      358
 42261,	0.00000180,	      358
 42262,	0.00000180,	      358
 42263,	0.00000180,	      358
 42264,	0.00000180,	      358
 42265,	0.00000180,	      358
 42266,	0.00000180,	      358
 42267,	0.00000180,	      358
 42268,	0.00000180,	      358
 42269,	0.00000180,	      358
 42270,	0.00000180,	      358
 42271,	0.00000180,	      358
 42272,	0.00000180,	      358
 42273,	0.00000180,	      358
 42274,	0.00000180,	      358
 42275,	0.00000180,	      358
 42276,	0.00000180,	      358
 42277,	0.00000180,	      358
 42278,	0.00000180,	      358
 42279,	0.00000180,	      358
 42280,	0.00000180,	      358
 42281,	0.00000180,	      358
 42282,	0.00000180,	      358
 42283,	0.00000180,	      358
 42284,	0.00000180,	      358
 42285,	0.00000180,	      358
 42286,	0.00000180,	      358
 42287,	0.00000180,	      358
 42288,	0.00000180,	      358
 42289,	0.00000180,	      358
 42290,	0.00000180,	      358
 42291,	0.00000180,	      358
 42292,	0.00000180,	      358
 42293,	0.00000180,	      358
 42294,	0.00000180,	      358
 42295,	0.00000180,	      358
 42296,	0.00000180,	      358
 42297,	0.00000180,	      358
 42298,	0.00000180,	      358
 42299,	0.00000180,	      358
 42300,	0.00000180,	      358
 42301,	0.00000180,	      358
 42302,	0.00000180,	      358
 42303,	0.00000180,	      358
 42304,	0.00000180,	      358
 42305,	0.00000180,	      358
 42306,	0.00000180,	      358
 42307,	0.00000180,	      358
 42308,	0.00000180,	      358
 42309,	0.00000180,	      358
 42310,	0.00000180,	      358
 42311,	0.00000180,	      358
 42312,	0.00000180,	      358
 42313,	0.00000180,	      358
 42314,	0.00000180,	      358
 42315,	0.00000180,	      358
 42316,	0.00000180,	      358
 42317,	0.00000180,	      358
 42318,	0.00000180,	      358
 42319,	0.00000180,	      358
 42320,	0.00000180,	      358
 42321,	0.00000180,	      358
 42322,	0.00000180,	      358
 42323,	0.00000180,	      358
 42324,	0.00000180,	      358
 42325,	0.00000180,	      358
 42326,	0.00000180,	      358
 42327,	0.00000180,	      358
 42328,	0.00000180,	      358
 42329,	0.00000180,	      358
 42330,	0.00000180,	      358
 42331,	0.00000180,	      358
 42332,	0.00000180,	      358
 42333,	0.00000180,	      358
 42334,	0.00000180,	      358
 42335,	0.00000180,	      358
 42336,	0.00000180,	      358
 42337,	0.00000180,	      358
 42338,	0.00000180,	      358
 42339,	0.00000180,	      358
 42340,	0.00000180,	      358
 42341,	0.00000180,	      358
 42342,	0.00000180,	      358
 42343,	0.00000180,	      358
 42344,	0.00000180,	      358
 42345,	0.00000180,	      358
 42346,	0.00000180,	      358
 42347,	0.00000180,	      358
 42348,	0.00000180,	      358
 42349,	0.00000180,	      358
 42350,	0.00000180,	      358
 42351,	0.00000180,	      358
 42352,	0.00000180,	      358
 42353,	0.00000180,	      358
 42354,	0.00000180,	      358
 42355,	0.00000180,	      358
 42356,	0.00000180,	      358
 42357,	0.00000180,	      358
 42358,	0.00000180,	      358
 42359,	0.00000180,	      358
 42360,	0.00000180,	      358
 42361,	0.00000180,	      358
 42362,	0.00000180,	      358
 42363,	0.00000180,	      358
 42364,	0.00000180,	      358
 42365,	0.00000180,	      358
 42366,	0.00000180,	      358
 42367,	0.00000180,	      358
 42368,	0.00000180,	      358
 42369,	0.00000180,	      358
 42370,	0.00000180,	      358
 42371,	0.00000180,	      358
 42372,	0.00000180,	      358
 42373,	0.00000180,	      358
 42374,	0.00000180,	      358
 42375,	0.00000180,	      358
 42376,	0.00000180,	      358
 42377,	0.00000180,	      358
 42378,	0.00000180,	      358
 42379,	0.00000180,	      358
 42380,	0.00000180,	      358
 42381,	0.00000180,	      358
 42382,	0.00000180,	      358
 42383,	0.00000180,	      358
 42384,	0.00000180,	      358
 42385,	0.00000180,	      358
 42386,	0.00000180,	      358
 42387,	0.00000180,	      358
 42388,	0.00000180,	      358
 42389,	0.00000180,	      358
 42390,	0.00000180,	      358
 42391,	0.00000180,	      358
 42392,	0.00000180,	      358
 42393,	0.00000180,	      358
 42394,	0.00000180,	      358
 42395,	0.00000180,	      358
 42396,	0.00000180,	      358
 42397,	0.00000180,	      358
 42398,	0.00000180,	      358
 42399,	0.00000180,	      358
 42400,	0.00000180,	      358
 42401,	0.00000180,	      358
 42402,	0.00000180,	      358
 42403,	0.00000180,	      358
 42404,	0.03725221,	  7414359
111884,	0.00000001,	        1
111905,	0.00000001,	        1
111906,	0.00000001,	        1
111907,	0.00000001,	        1
111908,	0.00000001,	        1
111909,	0.00000001,	        1
111910,	0.00000001,	        1
111911,	0.00000001,	        1
111912,	0.00000001,	        1
111913,	0.00000001,	        1
111914,	0.00000001,	        1
111915,	0.00000001,	        1
111916,	0.00000001,	        1
111917,	0.00000001,	        1
111918,	0.00000001,	        1
111919,	0.00000001,	        1
111920,	0.00000001,	        1
111921,	0.00000001,	        1
111922,	0.00000001,	        1
111923,	0.00000001,	        1
111924,	0.00000001,	        1
111925,	0.00000001,	        1
111926,	0.00000001,	        1
111927,	0.00000001,	        1
111928,	0.00000001,	        1
111929,	0.00000001,	        1
111930,	0.00000001,	        1
111931,	0.00000001,	        1
111932,	0.00000001,	        1
111933,	0.00000001,	        1
111934,	0.00000001,	        1
111935,	0.00000001,	        1
111936,	0.00000001,	        1
111937,	0.00000001,	        1
111938,	0.00000001,	        1
111939,	0.00000001,	        1
111940,	0.00000001,	        1
111941,	0.00000001,	        1
111942,	0.00000001,	        1
111943,	0.00000001,	        1
111944,	0.00000001,	        1
111945,	0.00000001,	        1
111946,	0.00000001,	        1
111947,	0.00000001,	        1
111948,	0.00000001,	        1
111949,	0.00000001,	        1
111950,	0.00000001,	        1
111951,	0.00000001,	        1
111952,	0.00000001,	        1
111953,	0.00000001,	        1
111954,	0.00000001,	        1
111955,	0.00000001,	        1
111956,	0.00000001,	        1
111957,	0.00000001,	        1
111958,	0.00000001,	        1
111959,	0.00000001,	        1
111960,	0.00000001,	        1
111961,	0.00000001,	        1
111962,	0.00000001,	        1
111963,	0.00000001,	        1
111964,	0.00000001,	        1
111965,	0.00000001,	        1
111966,	0.00000001,	        1
111967,	0.00000001,	        1
111968,	0.00000001,	        1
111969,	0.00000001,	        1
111970,	0.00000001,	        1
111971,	0.00000001,	        1
111972,	0.00000001,	        1
111973,	0.00000001,	        1
111974,	0.00000001,	        1
111975,	0.00000001,	        1
111976,	0.00000001,	        1
111977,	0.00000001,	        1
111978,	0.00000001,	        1
111979,	0.00000001,	        1
111980,	0.00000001,	        1
111981,	0.00000001,	        1
111982,	0.00000001,	        1
111983,	0.00000001,	        1
111984,	0.00000001,	        1
111985,	0.00000001,	        1
111986,	0.00000001,	        1
111987,	0.00000001,	        1
111988,	0.00000001,	        1
111989,	0.00000001,	        1
111990,	0.00000001,	        1
111991,	0.00000001,	        1
111992,	0.00000001,	        1
111993,	0.00000001,	        1
111994,	0.00000001,	        1
111995,	0.00000001,	        1
111996,	0.00000001,	        1
111997,	0.00000001,	        1
111998,	0.00000001,	        1
111999,	0.00000001,	        1
112000,	0.00000001,	        1
112001,	0.00000001,	        1
112002,	0.00000001,	        1
112003,	0.00000001,	        1
112004,	0.00000001,	        1
112005,	0.00000001,	        1
112006,	0.00000001,	        1
112007,	0.00000001,	        1
112008,	0.00000001,	        1
112009,	0.00000001,	        1
112010,	0.00000001,	        1
112011,	0.00000001,	        1
112012,	0.00000001,	        1
112013,	0.00000001,	        1
112014,	0.00000001,	        1
112015,	0.00000001,	        1
112016,	0.00000001,	        1
112017,	0.00000001,	        1
112018,	0.00000001,	        1
112019,	0.00000001,	        1
112020,	0.00000001,	        1
112021,	0.00000001,	        1
112022,	0.00000001,	        1
112023,	0.00000001,	        1
112024,	0.00000001,	        1
112025,	0.00000001,	        1
112026,	0.00000001,	        1
112027,	0.00000001,	        1
112028,	0.00000001,	        1
112029,	0.00000001,	        1
112030,	0.00000001,	        1
112031,	0.00000001,	        1
112032,	0.00000001,	        1
112033,	0.00000001,	        1
112034,	0.00000001,	        1
112035,	0.00000001,	        1
112036,	0.00000001,	        1
112037,	0.00000001,	        1
112038,	0.00000001,	        1
112039,	0.00000001,	        1
112040,	0.00000001,	        1
112041,	0.00000001,	        1
112042,	0.00000001,	        1
112043,	0.00000001,	        1
112044,	0.00000001,	        1
112045,	0.00000001,	        1
112046,	0.00000001,	        1
112047,	0.00000001,	        1
112048,	0.00000001,	        1
112049,	0.00000001,	        1
112050,	0.00000001,	        1
112051,	0.00000001,	        1
112052,	0.00000001,	        1
112053,	0.00000001,	        1
112054,	0.00000001,	        1
112055,	0.00000001,	        1
112056,	0.00000001,	        1
112057,	0.00000001,	        1
112058,	0.00000001,	        1
112059,	0.00000001,	        1
112060,	0.00000001,	        1
112061,	0.00000001,	        1
112062,	0.00000001,	        1
112063,	0.00000001,	        1
112064,	0.00000001,	        1
112065,	0.00000001,	        1
112066,	0.00000001,	        1
112067,	0.00000001,	        1
112068,	0.00000001,	        1
112069,	0.00000001,	        1
112070,	0.00000001,	        1
112071,	0.00000001,	        1
112072,	0.00000001,	        1
112073,	0.00000001,	        1
112074,	0.00000001,	        1
112075,	0.00000001,	        1
112076,	0.00000001,	        1
112077,	0.00000001,	        1
112078,	0.00000001,	        1
112079,	0.00000001,	        1
112080,	0.00000001,	        1
112081,	0.00000001,	        1
112082,	0.00000001,	        1
112083,	0.00000001,	        1
112084,	0.00000001,	        1
112085,	0.00000001,	        1
112086,	0.00000001,	        1
112087,	0.00000001,	        1
112088,	0.00000001,	        1
112089,	0.00000001,	        1
112090,	0.00000001,	        1
112091,	0.00000001,	        1
112092,	0.00000001,	        1
112093,	0.00000001,	        1
115384,	0.00000001,	        1
115805,	0.00000001,	        1
116015,	0.00000001,	        1
116225,	0.00000001,	        1
116435,	0.00000001,	        1
116645,	0.00000001,	        1
116855,	0.00000001,	        1
117065,	0.00000001,	        1
117275,	0.00000001,	        1
117485,	0.00000001,	        1
117695,	0.00000001,	        1
117905,	0.00000001,	        1
118115,	0.00000001,	        1
118325,	0.00000001,	        1
118535,	0.00000001,	        1
118745,	0.00000001,	        1
118955,	0.00000001,	        1
119165,	0.00000001,	        1
119375,	0.00000001,	        1
119585,	0.00000001,	        1
119795,	0.00000001,	        1
120005,	0.00000001,	        1
120215,	0.00000001,	        1
120425,	0.00000001,	        1
120635,	0.00000001,	        1
120845,	0.00000001,	        1
121055,	0.00000001,	        1
121265,	0.00000001,	        1
121475,	0.00000001,	        1
121685,	0.00000001,	        1
121895,	0.00000001,	        1
122105,	0.00000001,	        1
122315,	0.00000001,	        1
122525,	0.00000001,	        1
122735,	0.00000001,	        1
122945,	0.00000001,	        1
123155,	0.00000001,	        1
123365,	0.00000001,	        1
123575,	0.00000001,	        1
123785,	0.00000001,	        1
123995,	0.00000001,	        1
124205,	0.00000001,	        1
124415,	0.00000001,	        1
124625,	0.00000001,	        1
124835,	0.00000001,	        1
125045,	0.00000001,	        1
125255,	0.00000001,	        1
125465,	0.00000001,	        1
125675,	0.00000001,	        1
125885,	0.00000001,	        1
126095,	0.00000001,	        1
126305,	0.00000001,	        1
126515,	0.00000001,	        1
126725,	0.00000001,	        1
126935,	0.00000001,	        1
127145,	0.00000001,	        1
127355,	0.00000001,	        1
127565,	0.00000001,	        1
127775,	0.00000001,	        1
127985,	0.00000001,	        1
128195,	0.00000001,	        1
128405,	0.00000001,	        1
128615,	0.00000001,	        1
128825,	0.00000001,	        1
129035,	0.00000001,	        1
129245,	0.00000001,	        1
129455,	0.00000001,	        1
129665,	0.00000001,	        1
129875,	0.00000001,	        1
130085,	0.00000001,	        1
130295,	0.00000001,	        1
130505,	0.00000001,	        1
130715,	0.00000001,	        1
130925,	0.00000001,	        1
131135,	0.00000001,	        1
131345,	0.00000001,	        1
131555,	0.00000001,	        1
131765,	0.00000001,	        1
131975,	0.00000001,	        1
132185,	0.00000001,	        1
132395,	0.00000001,	        1
132605,	0.00000001,	        1
132815,	0.00000001,	        1
133025,	0.00000001,	        1
133235,	0.00000001,	        1
133445,	0.00000001,	        1
133655,	0.00000001,	        1
133865,	0.00000001,	        1
134075,	0.00000001,	        1
134285,	0.00000001,	        1
134495,	0.00000001,	        1
134705,	0.00000001,	        1
134915,	0.00000001,	        1
135125,	0.00000001,	        1
135335,	0.00000001,	        1
135545,	0.00000001,	        1
135755,	0.00000001,	        1
135965,	0.00000001,	        1
136175,	0.00000001,	        1
136385,	0.00000001,	        1
136595,	0.00000001,	        1
136805,	0.00000001,	        1
137015,	0.00000001,	        1
137225,	0.00000001,	        1
137435,	0.00000001,	        1
137645,	0.00000001,	        1
137855,	0.00000001,	        1
138065,	0.00000001,	        1
138275,	0.00000001,	        1
138485,	0.00000001,	        1
138695,	0.00000001,	        1
138905,	0.00000001,	        1
139115,	0.00000001,	        1
139325,	0.00000001,	        1
139535,	0.00000001,	        1
139745,	0.00000001,	        1
139955,	0.00000001,	        1
140165,	0.00000001,	        1
140375,	0.00000001,	        1
140585,	0.00000001,	        1
140795,	0.00000001,	        1
141005,	0.00000001,	        1
141215,	0.00000001,	        1
141425,	0.00000001,	        1
141635,	0.00000001,	        1
141845,	0.00000001,	        1
142055,	0.00000001,	        1
142265,	0.00000001,	        1
142475,	0.00000001,	        1
142685,	0.00000001,	        1
142895,	0.00000001,	        1
143105,	0.00000001,	        1
143315,	0.00000001,	        1
143525,	0.00000001,	        1
143735,	0.00000001,	        1
143945,	0.00000001,	        1
144155,	0.00000001,	        1
144365,	0.00000001,	        1
144575,	0.00000001,	        1
144785,	0.00000001,	        1
144995,	0.00000001,	        1
145205,	0.00000001,	        1
145415,	0.00000001,	        1
145625,	0.00000001,	        1
145835,	0.00000001,	        1
146045,	0.00000001,	        1
146255,	0.00000001,	        1
146465,	0.00000001,	        1
146675,	0.00000001,	        1
146885,	0.00000001,	        1
147095,	0.00000001,	        1
147305,	0.00000001,	        1
147515,	0.00000001,	        1
147725,	0.00000001,	        1
147935,	0.00000001,	        1
148145,	0.00000001,	        1
148355,	0.00000001,	        1
148565,	0.00000001,	        1
148775,	0.00000001,	        1
148985,	0.00000001,	        1
149195,	0.00000001,	        1
149405,	0.00000001,	        1
149615,	0.00000001,	        1
149825,	0.00000001,	        1
150035,	0.00000001,	        1
150245,	0.00000001,	        1
150455,	0.00000001,	        1
150665,	0.00000001,	        1
150875,	0.00000001,	        1
151085,	0.00000001,	        1
151295,	0.00000001,	        1
151505,	0.00000001,	        1
151715,	0.00000001,	        1
151925,	0.00000001,	        1
152135,	0.00000001,	        1
152345,	0.00000001,	        1
152555,	0.00000001,	        1
152765,	0.00000001,	        1
152975,	0.00000001,	        1
153185,	0.00000001,	        1
153395,	0.00000001,	        1
153505,	0.00000001,	        1
153515,	0.00000001,	        1
153525,	0.00000001,	        1
153535,	0.00000001,	        1
153545,	0.00000001,	        1
153555,	0.00000001,	        1
153565,	0.00000001,	        1
153575,	0.00000001,	        1
153585,	0.00000001,	        1
153595,	0.00000001,	        1
153605,	0.00000001,	        2
153615,	0.00000001,	        1
153625,	0.00000001,	        1
153635,	0.00000001,	        1
153645,	0.00000001,	        1
153655,	0.00000001,	        1
153665,	0.00000001,	        1
153675,	0.00000001,	        1
153685,	0.00000001,	        1
153695,	0.00000001,	        1
153705,	0.00000001,	        1
153715,	0.00000095,	      190
153725,	0.00000095,	      190
153735,	0.00000095,	      190
153745,	0.00000095,	      190
153755,	0.00000095,	      190
153765,	0.00000095,	      190
153775,	0.00000095,	      190
153785,	0.00000095,	      190
153795,	0.00000095,	      190
153805,	0.00000095,	      190
153815,	0.00000096,	      191
153825,	0.00000095,	      190
153835,	0.00000095,	      190
153845,	0.00000095,	      190
153855,	0.00000095,	      190
153865,	0.00000095,	      190
153875,	0.00000095,	      190
153885,	0.00000095,	      190
153895,	0.00000095,	      190
153905,	0.00000095,	      190
153915,	0.00000095,	      190
153925,	0.00000095,	      190
153935,	0.00000095,	      190
153945,	0.00000095,	      190
153955,	0.00000095,	      190
153965,	0.00000095,	      190
153975,	0.00000095,	      190
153985,	0.00000095,	      190
153995,	0.00000095,	      190
154005,	0.00000095,	      190
154015,	0.00000095,	      190
154025,	0.00000096,	      191
154035,	0.00000095,	      190
154045,	0.00000095,	      190
154055,	0.00000095,	      190
154065,	0.00000095,	      190
154075,	0.00000095,	      190
154085,	0.00000095,	      190
154095,	0.00000095,	      190
154105,	0.00000095,	      190
154115,	0.00000095,	      190
154125,	0.00000095,	      190
154135,	0.00000095,	      190
154145,	0.00000095,	      190
154155,	0.00000095,	      190
154165,	0.00000095,	      190
154175,	0.00000095,	      190
154185,	0.00000095,	      190
154195,	0.00000095,	      190
154205,	0.00000095,	      190
154215,	0.00000095,	      190
154225,	0.00000095,	      190
154235,	0.00000096,	      191
154245,	0.00000095,	      190
154255,	0.00000095,	      190
154265,	0.00000095,	      190
154275,	0.00000095,	      190
154285,	0.00000095,	      190
154295,	0.00000095,	      190
154305,	0.00000095,	      190
154315,	0.00000095,	      190
154325,	0.00000095,	      190
154335,	0.00000095,	      190
154345,	0.00000095,	      190
154355,	0.00000095,	      190
154365,	0.00000095,	      190
154375,	0.00000095,	      190
154385,	0.00000095,	      190
154395,	0.00000095,	      190
154405,	0.00000095,	      190
154415,	0.00000095,	      190
154425,	0.00000095,	      190
154435,	0.00000095,	      190
154445,	0.00000096,	      191
154455,	0.00000095,	      190
154465,	0.00000095,	      190
154475,	0.00000095,	      190
154485,	0.00000095,	      190
154495,	0.00000095,	      190
154505,	0.00000095,	      190
154515,	0.00000095,	      190
154525,	0.00000095,	      190
154535,	0.00000095,	      190
154545,	0.00000095,	      190
154555,	0.00000095,	      190
154565,	0.00000095,	      190
154575,	0.00000095,	      190
154585,	0.00000095,	      190
154595,	0.00000095,	      190
154605,	0.00000095,	      190
154615,	0.00000095,	      190
154625,	0.00000095,	      190
154635,	0.00000095,	      190
154645,	0.00000095,	      190
154655,	0.00000096,	      191
154665,	0.00000095,	      190
154675,	0.00000095,	      190
154685,	0.00000095,	      190
154695,	0.00000095,	      190
154705,	0.00000095,	      190
154715,	0.00000095,	      190
154725,	0.00000095,	      190
154735,	0.00000095,	      190
154745,	0.00000095,	      190
154755,	0.00000095,	      190
154765,	0.00000095,	      190
154775,	0.00000095,	      190
154785,	0.00000095,	      190
154795,	0.00000095,	      190
154805,	0.00000095,	      190
154815,	0.00000095,	      190
154825,	0.00000095,	      190
154835,	0.00000095,	      190
154845,	0.00000095,	      190
154855,	0.00000095,	      190
154865,	0.00000096,	      191
154875,	0.00000095,	      190
154885,	0.00000095,	      190
154895,	0.00000095,	      190
154905,	0.00000095,	      190
154915,	0.00000095,	      190
154925,	0.00000095,	      190
154935,	0.00000095,	      190
154945,	0.00000095,	      190
154955,	0.00000095,	      190
154965,	0.00000095,	      190
154975,	0.00000095,	      190
154985,	0.00000095,	      190
154995,	0.00000095,	      190
155005,	0.00000095,	      190
155015,	0.00000095,	      190
155025,	0.00000095,	      190
155035,	0.00000095,	      190
155045,	0.00000095,	      190
155055,	0.00000095,	      190
155065,	0.00000095,	      190
155075,	0.00000096,	      191
155085,	0.00000095,	      190
155095,	0.00000095,	      190
155105,	0.00000095,	      190
155115,	0.00000095,	      190
155125,	0.00000095,	      190
155135,	0.00000095,	      190
155145,	0.00000095,	      190
155155,	0.00000095,	      190
155165,	0.00000095,	      190
155175,	0.00000095,	      190
155185,	0.00000095,	      190
155195,	0.00000095,	      190
155205,	0.00000095,	      190
155215,	0.00000095,	      190
155225,	0.00000095,	      190
155235,	0.00000095,	      190
155245,	0.00000095,	      190
155255,	0.00000095,	      190
155265,	0.00000095,	      190
155275,	0.00000095,	      190
155285,	0.00000095,	      190
155295,	0.00000095,	      189
155305,	0.00000095,	      189
155315,	0.00000095,	      189
155325,	0.00000095,	      189
155335,	0.00000095,	      189
155345,	0.00000095,	      189
155355,	0.00000095,	      189
155365,	0.00000095,	      189
155375,	0.00000095,	      189
155385,	0.00000095,	      189
155395,	0.00000095,	      189
155405,	0.00000095,	      189
155415,	0.00000095,	      189
155425,	0.00000095,	      189
155435,	0.00000095,	      189
155445,	0.00000095,	      189
155455,	0.00000095,	      189
155465,	0.00000095,	      189
155475,	0.00000095,	      189
155485,	0.00000095,	      189
    -1,	0.00097126,	   193312
