atax//atax.c
/home/arazzak/static_ard/STATIC_RD_PREDICTOR/atax
atax
3843165
Execution time: 15.027481 seconds
     0,	0.20896136,	   803073
     1,	0.12492568,	   480110
     2,	0.20813288,	   799889
     3,	0.12502195,	   480480
     4,	0.12481900,	   479700
     5,	0.04150485,	   159510
   823,	0.04160633,	   159900
  1232,	0.00020790,	      799
  1234,	0.00020244,	      778
  1235,	0.00020244,	      778
  1236,	0.00020244,	      778
  1237,	0.00020244,	      778
  1238,	0.00020244,	      778
  1239,	0.00020244,	      778
  1240,	0.00020244,	      778
  1241,	0.00020244,	      778
  1242,	0.00020244,	      778
  1243,	0.00020244,	      778
  1244,	0.00020244,	      778
  1245,	0.00020244,	      778
  1246,	0.00020244,	      778
  1247,	0.00020244,	      778
  1248,	0.00020244,	      778
  1249,	0.00020244,	      778
  1250,	0.00020244,	      778
  1251,	0.00020244,	      778
  1252,	0.00020244,	      778
  1253,	0.00020244,	      778
  1254,	0.00020244,	      778
  1255,	0.00020244,	      778
  1256,	0.00020244,	      778
  1257,	0.00020244,	      778
  1258,	0.00020244,	      778
  1259,	0.00020244,	      778
  1260,	0.00020244,	      778
  1261,	0.00020244,	      778
  1262,	0.00020244,	      778
  1263,	0.00020244,	      778
  1264,	0.00020244,	      778
  1265,	0.00020244,	      778
  1266,	0.00020244,	      778
  1267,	0.00020244,	      778
  1268,	0.00020244,	      778
  1269,	0.00020244,	      778
  1270,	0.00020244,	      778
  1271,	0.00020244,	      778
  1272,	0.00020244,	      778
  1273,	0.00020244,	      778
  1274,	0.00020244,	      778
  1275,	0.00020244,	      778
  1276,	0.00020244,	      778
  1277,	0.00020244,	      778
  1278,	0.00020244,	      778
  1279,	0.00020244,	      778
  1280,	0.00020244,	      778
  1281,	0.00020244,	      778
  1282,	0.00020244,	      778
  1283,	0.00020244,	      778
  1284,	0.00020244,	      778
  1285,	0.00020244,	      778
  1286,	0.00020244,	      778
  1287,	0.00020244,	      778
  1288,	0.00020244,	      778
  1289,	0.00020244,	      778
  1290,	0.00020244,	      778
  1291,	0.00020244,	      778
  1292,	0.00020244,	      778
  1293,	0.00020244,	      778
  1294,	0.00020244,	      778
  1295,	0.00020244,	      778
  1296,	0.00020244,	      778
  1297,	0.00020244,	      778
  1298,	0.00020244,	      778
  1299,	0.00020244,	      778
  1300,	0.00020244,	      778
  1301,	0.00020244,	      778
  1302,	0.00020244,	      778
  1303,	0.00020244,	      778
  1304,	0.00020244,	      778
  1305,	0.00020244,	      778
  1306,	0.00020244,	      778
  1307,	0.00020244,	      778
  1308,	0.00020244,	      778
  1309,	0.00020244,	      778
  1310,	0.00020244,	      778
  1311,	0.00020244,	      778
  1312,	0.00020244,	      778
  1313,	0.00020244,	      778
  1314,	0.00020244,	      778
  1315,	0.00020244,	      778
  1316,	0.00020244,	      778
  1317,	0.00020244,	      778
  1318,	0.00020244,	      778
  1319,	0.00020244,	      778
  1320,	0.00020244,	      778
  1321,	0.00020244,	      778
  1322,	0.00020244,	      778
  1323,	0.00020244,	      778
  1324,	0.00020244,	      778
  1325,	0.00020244,	      778
  1326,	0.00020244,	      778
  1327,	0.00020244,	      778
  1328,	0.00020244,	      778
  1329,	0.00020244,	      778
  1330,	0.00020244,	      778
  1331,	0.00020244,	      778
  1332,	0.00020244,	      778
  1333,	0.00020244,	      778
  1334,	0.00020244,	      778
  1335,	0.00020244,	      778
  1336,	0.00020244,	      778
  1337,	0.00020244,	      778
  1338,	0.00020244,	      778
  1339,	0.00020244,	      778
  1340,	0.00020244,	      778
  1341,	0.00020244,	      778
  1342,	0.00020244,	      778
  1343,	0.00020244,	      778
  1344,	0.00020244,	      778
  1345,	0.00020244,	      778
  1346,	0.00020244,	      778
  1347,	0.00020244,	      778
  1348,	0.00020244,	      778
  1349,	0.00020244,	      778
  1350,	0.00020244,	      778
  1351,	0.00020244,	      778
  1352,	0.00020244,	      778
  1353,	0.00020244,	      778
  1354,	0.00020244,	      778
  1355,	0.00020244,	      778
  1356,	0.00020244,	      778
  1357,	0.00020244,	      778
  1358,	0.00020244,	      778
  1359,	0.00020244,	      778
  1360,	0.00020244,	      778
  1361,	0.00020244,	      778
  1362,	0.00020244,	      778
  1363,	0.00020244,	      778
  1364,	0.00020244,	      778
  1365,	0.00020244,	      778
  1366,	0.00020244,	      778
  1367,	0.00020244,	      778
  1368,	0.00020244,	      778
  1369,	0.00020244,	      778
  1370,	0.00020244,	      778
  1371,	0.00020244,	      778
  1372,	0.00020244,	      778
  1373,	0.00020244,	      778
  1374,	0.00020244,	      778
  1375,	0.00020244,	      778
  1376,	0.00020244,	      778
  1377,	0.00020244,	      778
  1378,	0.00020244,	      778
  1379,	0.00020244,	      778
  1380,	0.00020244,	      778
  1381,	0.00020244,	      778
  1382,	0.00020244,	      778
  1383,	0.00020244,	      778
  1384,	0.00020244,	      778
  1385,	0.00020244,	      778
  1386,	0.00020244,	      778
  1387,	0.00020244,	      778
  1388,	0.00020244,	      778
  1389,	0.00020244,	      778
  1390,	0.00020244,	      778
  1391,	0.00020244,	      778
  1392,	0.00020244,	      778
  1393,	0.00020244,	      778
  1394,	0.00020244,	      778
  1395,	0.00020244,	      778
  1396,	0.00020244,	      778
  1397,	0.00020244,	      778
  1398,	0.00020244,	      778
  1399,	0.00020244,	      778
  1400,	0.00020244,	      778
  1401,	0.00020244,	      778
  1402,	0.00020244,	      778
  1403,	0.00020244,	      778
  1404,	0.00020244,	      778
  1405,	0.00020244,	      778
  1406,	0.00020244,	      778
  1407,	0.00020244,	      778
  1408,	0.00020244,	      778
  1409,	0.00020244,	      778
  1410,	0.00020244,	      778
  1411,	0.00020244,	      778
  1412,	0.00020244,	      778
  1413,	0.00020244,	      778
  1414,	0.00020244,	      778
  1415,	0.00020244,	      778
  1416,	0.00020244,	      778
  1417,	0.00020244,	      778
  1418,	0.00020244,	      778
  1419,	0.00020244,	      778
  1420,	0.00020244,	      778
  1421,	0.00020244,	      778
  1422,	0.00020244,	      778
  1423,	0.00020244,	      778
  1424,	0.00020244,	      778
  1425,	0.00020244,	      778
  1426,	0.00020244,	      778
  1427,	0.00020244,	      778
  1428,	0.00020244,	      778
  1429,	0.00020244,	      778
  1430,	0.00020244,	      778
  1431,	0.00020244,	      778
  1432,	0.00020244,	      778
  1433,	0.00020244,	      778
  1434,	0.00020244,	      778
  1435,	0.00020244,	      778
  1436,	0.00020244,	      778
  1437,	0.00020244,	      778
  1438,	0.00020244,	      778
  1439,	0.00020244,	      778
  1440,	0.00020244,	      778
  1441,	0.00020244,	      778
  1442,	0.00020244,	      778
  1443,	0.00020244,	      778
  1444,	0.00020244,	      778
  1445,	0.00020244,	      778
  1446,	0.00020244,	      778
  1447,	0.00020244,	      778
  1448,	0.00020244,	      778
  1449,	0.00020244,	      778
  1450,	0.00020244,	      778
  1451,	0.00020244,	      778
  1452,	0.00020244,	      778
  1453,	0.00020244,	      778
  1454,	0.00020244,	      778
  1455,	0.00020244,	      778
  1456,	0.00020244,	      778
  1457,	0.00020244,	      778
  1458,	0.00020244,	      778
  1459,	0.00020244,	      778
  1460,	0.00020244,	      778
  1461,	0.00020244,	      778
  1462,	0.00020244,	      778
  1463,	0.00020244,	      778
  1464,	0.00020244,	      778
  1465,	0.00020244,	      778
  1466,	0.00020244,	      778
  1467,	0.00020244,	      778
  1468,	0.00020244,	      778
  1469,	0.00020244,	      778
  1470,	0.00020244,	      778
  1471,	0.00020244,	      778
  1472,	0.00020244,	      778
  1473,	0.00020244,	      778
  1474,	0.00020244,	      778
  1475,	0.00020244,	      778
  1476,	0.00020244,	      778
  1477,	0.00020244,	      778
  1478,	0.00020244,	      778
  1479,	0.00020244,	      778
  1480,	0.00020244,	      778
  1481,	0.00020244,	      778
  1482,	0.00020244,	      778
  1483,	0.00020244,	      778
  1484,	0.00020244,	      778
  1485,	0.00020244,	      778
  1486,	0.00020244,	      778
  1487,	0.00020244,	      778
  1488,	0.00020244,	      778
  1489,	0.00020244,	      778
  1490,	0.00020244,	      778
  1491,	0.00020244,	      778
  1492,	0.00020244,	      778
  1493,	0.00020244,	      778
  1494,	0.00020244,	      778
  1495,	0.00020244,	      778
  1496,	0.00020244,	      778
  1497,	0.00020244,	      778
  1498,	0.00020244,	      778
  1499,	0.00020244,	      778
  1500,	0.00020244,	      778
  1501,	0.00020244,	      778
  1502,	0.00020244,	      778
  1503,	0.00020244,	      778
  1504,	0.00020244,	      778
  1505,	0.00020244,	      778
  1506,	0.00020244,	      778
  1507,	0.00020244,	      778
  1508,	0.00020244,	      778
  1509,	0.00020244,	      778
  1510,	0.00020244,	      778
  1511,	0.00020244,	      778
  1512,	0.00020244,	      778
  1513,	0.00020244,	      778
  1514,	0.00020244,	      778
  1515,	0.00020244,	      778
  1516,	0.00020244,	      778
  1517,	0.00020244,	      778
  1518,	0.00020244,	      778
  1519,	0.00020244,	      778
  1520,	0.00020244,	      778
  1521,	0.00020244,	      778
  1522,	0.00020244,	      778
  1523,	0.00020244,	      778
  1524,	0.00020244,	      778
  1525,	0.00020244,	      778
  1526,	0.00020244,	      778
  1527,	0.00020244,	      778
  1528,	0.00020244,	      778
  1529,	0.00020244,	      778
  1530,	0.00020244,	      778
  1531,	0.00020244,	      778
  1532,	0.00020244,	      778
  1533,	0.00020244,	      778
  1534,	0.00020244,	      778
  1535,	0.00020244,	      778
  1536,	0.00020244,	      778
  1537,	0.00020244,	      778
  1538,	0.00020244,	      778
  1539,	0.00020244,	      778
  1540,	0.00020244,	      778
  1541,	0.00020244,	      778
  1542,	0.00020244,	      778
  1543,	0.00020244,	      778
  1544,	0.00020244,	      778
  1545,	0.00020244,	      778
  1546,	0.00020244,	      778
  1547,	0.00020244,	      778
  1548,	0.00020244,	      778
  1549,	0.00020244,	      778
  1550,	0.00020244,	      778
  1551,	0.00020244,	      778
  1552,	0.00020244,	      778
  1553,	0.00020244,	      778
  1554,	0.00020244,	      778
  1555,	0.00020244,	      778
  1556,	0.00020244,	      778
  1557,	0.00020244,	      778
  1558,	0.00020244,	      778
  1559,	0.00020244,	      778
  1560,	0.00020244,	      778
  1561,	0.00020244,	      778
  1562,	0.00020244,	      778
  1563,	0.00020244,	      778
  1564,	0.00020244,	      778
  1565,	0.00020244,	      778
  1566,	0.00020244,	      778
  1567,	0.00020244,	      778
  1568,	0.00020244,	      778
  1569,	0.00020244,	      778
  1570,	0.00020244,	      778
  1571,	0.00020244,	      778
  1572,	0.00020244,	      778
  1573,	0.00020244,	      778
  1574,	0.00020244,	      778
  1575,	0.00020244,	      778
  1576,	0.00020244,	      778
  1577,	0.00020244,	      778
  1578,	0.00020244,	      778
  1579,	0.00020244,	      778
  1580,	0.00020244,	      778
  1581,	0.00020244,	      778
  1582,	0.00020244,	      778
  1583,	0.00020244,	      778
  1584,	0.00020244,	      778
  1585,	0.00020244,	      778
  1586,	0.00020244,	      778
  1587,	0.00020244,	      778
  1588,	0.00020244,	      778
  1589,	0.00020244,	      778
  1590,	0.00020244,	      778
  1591,	0.00020244,	      778
  1592,	0.00020244,	      778
  1593,	0.00020244,	      778
  1594,	0.00020244,	      778
  1595,	0.00020244,	      778
  1596,	0.00020244,	      778
  1597,	0.00020244,	      778
  1598,	0.00020244,	      778
  1599,	0.00020244,	      778
  1600,	0.00020244,	      778
  1601,	0.00020244,	      778
  1602,	0.00020244,	      778
  1603,	0.00020244,	      778
  1604,	0.00020244,	      778
  1605,	0.00020244,	      778
  1606,	0.00020244,	      778
  1607,	0.00020244,	      778
  1608,	0.00020244,	      778
  1609,	0.00020244,	      778
  1610,	0.00020244,	      778
  1611,	0.00020244,	      778
  1612,	0.00020244,	      778
  1613,	0.00020244,	      778
  1614,	0.00020244,	      778
  1615,	0.00020244,	      778
  1616,	0.00020244,	      778
  1617,	0.00020244,	      778
  1618,	0.00020244,	      778
  1619,	0.00020244,	      778
  1620,	0.00020244,	      778
  1621,	0.00020244,	      778
  1622,	0.00020244,	      778
  1623,	0.00020244,	      778
  1624,	0.00020244,	      778
  1625,	0.00020244,	      778
  1626,	0.00020244,	      778
  1627,	0.00020244,	      778
  1628,	0.00020244,	      778
  1629,	0.00020244,	      778
  1630,	0.00020244,	      778
  1631,	0.00020244,	      778
  1632,	0.00020244,	      778
  1633,	0.00020244,	      778
  1634,	0.00020244,	      778
  1635,	0.00020244,	      778
  1636,	0.00020244,	      778
  1637,	0.00020244,	      778
  1638,	0.00020244,	      778
  1639,	0.00020244,	      778
  1640,	0.00020244,	      778
  1641,	0.00020244,	      778
  1642,	0.00020244,	      778
  1643,	0.00010122,	      389
    -1,	0.04192196,	   161113
